-----------------------------------------------------------------------
PARAMETROS UTILIZADOS: 
SELECAO TORNEIO: false
SELECAO ROLETA: true
CROSSOVER CLASSICO: false
CROSSOVER PMX: true
MUTACAO INSERTION: false
MUTACAO SWAP: true
TX. CROSSOVER: 0.35
TX. MUTACAO: 0.25
N. GERACOES: 100
N. CROMOSSOMOS (TAM. POP.): 90
-----------------------------------------------------------------------

Custo ; Geracao 
517.4587869236905;0
565.8969130176287;0
528.7525821713166;0
524.7683613204338;0
563.2883724787691;0
568.4975032420629;0
560.2690347024354;0
572.8179924926131;0
568.9350074903845;0
579.2490278700266;0
538.7284098695319;0
603.2117313730498;0
580.6386660202714;0
540.2158978012219;0
515.2663275916206;0
492.89508807041057;0
518.9024091231659;0
564.5467487869536;0
547.4000889549918;0
573.3167907842187;0
594.8964580197024;0
594.8964580197024;0
594.8964580197024;0
594.5089768386208;0
565.2828638195949;0
579.8454942958466;0
579.8454942958466;0
538.3458108162399;0
560.6248528972543;0
521.8147718319261;0
579.7368111753697;0
571.5236051725105;0
614.4377850410183;0
562.8969845163373;0
584.8779898846169;0
533.9907003167972;0
599.6326255651272;0
599.9529763161219;0
551.338215932083;0
577.4550289125605;0
590.2363792334753;0
537.6360838893448;0
571.0097356255166;0
571.0097356255166;0
570.0266412443326;0
570.0266412443326;0
570.0266412443326;0
570.0266412443326;0
542.4801560394178;0
542.4801560394178;0
552.7613072378416;0
563.0641459220028;0
624.4397091972213;0
579.0532850988312;0
572.8013113679132;0
558.9004432985078;0
558.9004432985078;0
558.9004432985078;0
594.3222025871985;0
574.7844104352931;0
559.3544352563837;0
600.5686540779291;0
585.4008632387365;0
608.3862137412416;0
600.7532614450383;0
600.7532614450383;0
600.7532614450383;0
558.1474889766878;0
558.1474889766878;0
558.1474889766878;0
595.9570661827624;0
595.9570661827624;0
595.9570661827624;0
595.9570661827624;0
569.0735291510583;0
600.7532614450382;0
529.5611217959873;0
560.3969964626527;0
590.7324250258803;0
588.4453526917853;0
588.4453526917853;0
588.4453526917853;0
506.478936556518;0
600.4832551468787;0
574.6986604282611;0
549.1979035492448;0
524.285297494691;0
573.0323777489639;0
568.6947440077107;0
614.4071885533496;0
520.3532523844574;1
494.7344516027872;1
562.0488601823769;1
532.784031231251;1
517.4587869236905;1
517.4587869236905;1
517.4587869236905;1
517.4587869236905;1
517.4587869236905;1
517.4587869236905;1
517.4587869236905;1
548.5266340186936;1
543.0489160297011;1
565.8969130176287;1
565.8969130176287;1
565.8969130176287;1
522.3644798270564;1
537.2459181929711;1
508.07708409242;1
528.7525821713166;1
528.7525821713166;1
528.7525821713166;1
528.7525821713166;1
514.3546989891846;1
545.0029350308514;1
523.8666840803157;1
509.8246781809395;1
524.7683613204338;1
524.7683613204338;1
558.993500069134;1
570.1586562483194;1
566.581409336969;1
567.7307772157129;1
569.1513695964608;1
560.9222559084816;1
594.8599043318904;1
514.7970855344984;1
545.0081623060705;1
585.145013490353;1
568.9350074903845;1
561.178978472216;1
563.2883724787691;1
563.2883724787691;1
563.2883724787691;1
563.2883724787691;1
588.7205464561687;1
538.149869189306;1
568.4975032420629;1
568.4975032420629;1
538.4571179454047;1
548.4741137394351;1
568.7059482051945;1
562.4863068199426;1
515.0851356527335;1
560.2690347024354;1
560.2690347024354;1
560.2690347024354;1
560.2690347024354;1
579.043543577192;1
563.6123867973989;1
600.5265027866222;1
559.6023293234101;1
560.0689599823933;1
557.536919594318;1
572.8179924926131;1
572.8179924926131;1
568.9350074903845;1
568.9350074903845;1
568.9350074903845;1
568.9350074903845;1
568.9350074903845;1
568.9350074903845;1
568.9350074903845;1
568.9350074903845;1
548.2094121903465;1
579.2490278700266;1
579.2490278700266;1
579.2490278700266;1
579.2490278700266;1
565.8969130176287;1
551.8047589336835;1
538.7284098695319;1
548.0995767886363;1
564.2688921865702;1
568.4786916672363;1
516.2359465098538;1
505.1781893904844;1
568.9897650632829;1
553.9070456322877;1
603.2117313730498;1
520.3532523844574;2
520.3532523844574;2
520.3532523844574;2
520.3532523844574;2
520.3532523844574;2
520.3532523844574;2
520.3532523844574;2
520.3532523844574;2
520.3532523844574;2
520.3532523844574;2
520.3532523844574;2
520.3532523844574;2
520.3532523844574;2
520.3532523844574;2
511.04044104991453;2
499.5387487306825;2
537.8839090438541;2
517.966211751326;2
472.1132669774587;2
518.7385891633503;2
527.727800629756;2
531.6020482920005;2
548.5191507834954;2
494.7344516027872;2
494.7344516027872;2
494.7344516027872;2
494.7344516027872;2
494.7344516027872;2
494.7344516027872;2
549.3719988043599;2
561.9826796725806;2
562.0488601823769;2
562.0488601823769;2
562.0488601823769;2
562.0488601823769;2
536.3184799361945;2
532.784031231251;2
532.784031231251;2
532.784031231251;2
532.784031231251;2
513.0565364918664;2
533.2186582128918;2
536.9502923042097;2
509.50504992049497;2
520.9917596504952;2
517.4587869236905;2
517.4587869236905;2
517.4587869236905;2
517.4587869236905;2
517.4587869236905;2
517.4587869236905;2
517.4587869236905;2
517.4587869236905;2
517.4587869236905;2
517.4587869236905;2
517.4587869236905;2
517.4587869236905;2
517.4587869236905;2
517.4587869236905;2
517.4587869236905;2
517.4587869236905;2
517.4587869236905;2
517.4587869236905;2
517.4587869236905;2
517.4587869236905;2
517.4587869236905;2
517.4587869236905;2
517.4587869236905;2
517.4587869236905;2
517.4587869236905;2
517.4587869236905;2
517.4587869236905;2
517.4587869236905;2
517.4587869236905;2
517.4587869236905;2
517.4587869236905;2
517.4587869236905;2
517.4587869236905;2
517.4587869236905;2
517.4587869236905;2
517.4587869236905;2
517.4587869236905;2
517.4587869236905;2
517.4587869236905;2
517.4587869236905;2
517.4587869236905;2
517.4587869236905;2
517.4587869236905;2
517.4587869236905;2
566.5077297042498;2
520.3532523844574;3
520.3532523844574;3
520.3532523844574;3
520.3532523844574;3
520.3532523844574;3
520.3532523844574;3
520.3532523844574;3
520.3532523844574;3
520.3532523844574;3
520.3532523844574;3
520.3532523844574;3
520.3532523844574;3
520.3532523844574;3
520.3532523844574;3
520.3532523844574;3
520.3532523844574;3
520.3532523844574;3
520.3532523844574;3
550.8632261430737;3
504.33136637258986;3
498.4010744989395;3
511.8149170227199;3
532.0683585123669;3
515.6265405410584;3
553.5105248206394;3
553.5105248206394;3
520.3532523844574;3
520.3532523844574;3
520.3532523844574;3
520.3532523844574;3
520.3532523844574;3
520.3532523844574;3
520.3532523844574;3
520.3532523844574;3
520.3532523844574;3
520.3532523844574;3
520.3532523844574;3
520.3532523844574;3
520.3532523844574;3
520.3532523844574;3
520.3532523844574;3
520.3532523844574;3
520.3532523844574;3
520.3532523844574;3
520.3532523844574;3
520.3532523844574;3
520.3532523844574;3
520.3532523844574;3
520.3532523844574;3
520.3532523844574;3
520.3532523844574;3
520.3532523844574;3
520.3532523844574;3
520.3532523844574;3
520.3532523844574;3
520.3532523844574;3
520.3532523844574;3
520.3532523844574;3
520.3532523844574;3
520.3532523844574;3
520.3532523844574;3
520.3532523844574;3
520.3532523844574;3
520.3532523844574;3
520.3532523844574;3
520.3532523844574;3
520.3532523844574;3
520.3532523844574;3
520.3532523844574;3
520.3532523844574;3
520.3532523844574;3
520.3532523844574;3
520.3532523844574;3
520.3532523844574;3
520.3532523844574;3
520.3532523844574;3
520.3532523844574;3
520.3532523844574;3
520.3532523844574;3
520.3532523844574;3
520.3532523844574;3
520.3532523844574;3
520.3532523844574;3
520.3532523844574;3
520.3532523844574;3
520.3532523844574;3
520.3532523844574;3
520.3532523844574;3
520.3532523844574;3
520.3532523844574;3
502.43321419144945;4
502.43321419144945;4
550.8632261430737;4
550.8632261430737;4
550.8632261430737;4
501.6649037592779;4
506.82354298557607;4
504.33136637258986;4
504.33136637258986;4
504.33136637258986;4
502.43321419144945;4
502.43321419144945;4
502.43321419144945;4
536.1131236736587;4
516.0464725004994;4
494.3948692908201;4
520.3532523844574;4
520.3532523844574;4
520.3532523844574;4
520.3532523844574;4
520.3532523844574;4
520.3532523844574;4
520.3532523844574;4
520.3532523844574;4
520.3532523844574;4
520.3532523844574;4
520.3532523844574;4
520.3532523844574;4
520.3532523844574;4
520.3532523844574;4
520.3532523844574;4
520.3532523844574;4
520.3532523844574;4
520.3532523844574;4
520.3532523844574;4
520.3532523844574;4
520.3532523844574;4
520.3532523844574;4
520.3532523844574;4
520.3532523844574;4
520.3532523844574;4
520.3532523844574;4
520.3532523844574;4
520.3532523844574;4
520.3532523844574;4
520.3532523844574;4
520.3532523844574;4
520.3532523844574;4
520.3532523844574;4
520.3532523844574;4
520.3532523844574;4
520.3532523844574;4
520.3532523844574;4
520.3532523844574;4
520.3532523844574;4
520.3532523844574;4
520.3532523844574;4
520.3532523844574;4
520.3532523844574;4
520.3532523844574;4
520.3532523844574;4
520.3532523844574;4
520.3532523844574;4
520.3532523844574;4
520.3532523844574;4
520.3532523844574;4
520.3532523844574;4
520.3532523844574;4
520.3532523844574;4
520.3532523844574;4
520.3532523844574;4
520.3532523844574;4
520.3532523844574;4
520.3532523844574;4
520.3532523844574;4
520.3532523844574;4
520.3532523844574;4
520.3532523844574;4
520.3532523844574;4
520.3532523844574;4
520.3532523844574;4
520.3532523844574;4
520.3532523844574;4
520.3532523844574;4
520.3532523844574;4
520.3532523844574;4
520.3532523844574;4
520.3532523844574;4
520.3532523844574;4
520.3532523844574;4
497.272218628908;5
497.272218628908;5
497.272218628908;5
508.98732475681754;5
518.1930854806507;5
502.43321419144945;5
502.43321419144945;5
502.43321419144945;5
502.43321419144945;5
502.43321419144945;5
502.43321419144945;5
502.43321419144945;5
502.43321419144945;5
502.43321419144945;5
502.43321419144945;5
502.43321419144945;5
502.43321419144945;5
502.43321419144945;5
502.43321419144945;5
502.43321419144945;5
502.43321419144945;5
502.43321419144945;5
502.43321419144945;5
502.43321419144945;5
502.43321419144945;5
502.43321419144945;5
502.43321419144945;5
502.43321419144945;5
502.43321419144945;5
502.43321419144945;5
502.43321419144945;5
502.43321419144945;5
502.43321419144945;5
502.43321419144945;5
502.43321419144945;5
502.43321419144945;5
502.43321419144945;5
502.43321419144945;5
502.43321419144945;5
502.43321419144945;5
502.43321419144945;5
502.43321419144945;5
502.43321419144945;5
502.43321419144945;5
502.43321419144945;5
502.43321419144945;5
502.43321419144945;5
502.43321419144945;5
502.43321419144945;5
502.43321419144945;5
502.43321419144945;5
502.43321419144945;5
502.43321419144945;5
502.43321419144945;5
502.43321419144945;5
502.43321419144945;5
502.43321419144945;5
502.43321419144945;5
502.43321419144945;5
502.43321419144945;5
502.43321419144945;5
502.43321419144945;5
514.1483203193591;5
545.7022305805322;5
545.7022305805322;5
488.9035047925681;5
497.272218628908;5
509.32038407349046;5
492.28320092800743;5
492.28320092800743;5
550.8632261430737;5
550.8632261430737;5
550.8632261430737;5
550.8632261430737;5
550.8632261430737;5
550.8632261430737;5
550.8632261430737;5
550.8632261430737;5
550.8632261430737;5
550.8632261430737;5
550.8632261430737;5
550.8632261430737;5
550.8632261430737;5
550.8632261430737;5
550.8632261430737;5
550.8632261430737;5
550.8632261430737;5
550.8632261430737;5
550.8632261430737;5
550.8632261430737;5
500.6186109204777;6
497.272218628908;6
502.43321419144945;6
497.272218628908;6
497.272218628908;6
497.272218628908;6
497.272218628908;6
497.272218628908;6
497.272218628908;6
497.272218628908;6
497.272218628908;6
497.272218628908;6
497.272218628908;6
497.272218628908;6
497.272218628908;6
497.272218628908;6
497.272218628908;6
497.272218628908;6
497.272218628908;6
497.272218628908;6
497.272218628908;6
497.272218628908;6
497.272218628908;6
497.272218628908;6
497.272218628908;6
497.272218628908;6
508.98732475681754;6
508.98732475681754;6
508.98732475681754;6
508.98732475681754;6
508.98732475681754;6
508.98732475681754;6
508.98732475681754;6
508.98732475681754;6
518.1930854806507;6
518.1930854806507;6
518.1930854806507;6
518.1930854806507;6
518.1930854806507;6
502.43321419144945;6
502.43321419144945;6
502.43321419144945;6
502.43321419144945;6
502.43321419144945;6
502.43321419144945;6
502.43321419144945;6
502.43321419144945;6
502.43321419144945;6
502.43321419144945;6
502.43321419144945;6
502.43321419144945;6
502.43321419144945;6
502.43321419144945;6
502.43321419144945;6
502.43321419144945;6
502.43321419144945;6
502.43321419144945;6
502.43321419144945;6
502.43321419144945;6
502.43321419144945;6
502.43321419144945;6
502.43321419144945;6
502.43321419144945;6
502.43321419144945;6
502.43321419144945;6
502.43321419144945;6
502.43321419144945;6
502.43321419144945;6
502.43321419144945;6
502.43321419144945;6
502.43321419144945;6
502.43321419144945;6
502.43321419144945;6
502.43321419144945;6
502.43321419144945;6
502.43321419144945;6
502.43321419144945;6
502.43321419144945;6
502.43321419144945;6
502.43321419144945;6
502.43321419144945;6
502.43321419144945;6
502.43321419144945;6
502.43321419144945;6
502.43321419144945;6
502.43321419144945;6
502.43321419144945;6
502.43321419144945;6
502.43321419144945;6
502.43321419144945;6
484.6428650016034;7
483.7425092300266;7
495.45761535793616;7
497.272218628908;7
497.272218628908;7
488.9035047925681;7
488.9035047925681;7
488.9035047925681;7
500.6186109204777;7
500.6186109204777;7
500.6186109204777;7
500.6186109204777;7
500.6186109204777;7
500.6186109204777;7
500.6186109204777;7
500.6186109204777;7
500.6186109204777;7
497.272218628908;7
497.272218628908;7
497.272218628908;7
497.272218628908;7
497.272218628908;7
497.272218628908;7
497.272218628908;7
497.272218628908;7
497.272218628908;7
497.272218628908;7
497.272218628908;7
513.0320899181092;7
502.43321419144945;7
502.43321419144945;7
502.43321419144945;7
502.43321419144945;7
502.43321419144945;7
502.43321419144945;7
502.43321419144945;7
502.43321419144945;7
502.43321419144945;7
502.43321419144945;7
497.272218628908;7
497.272218628908;7
497.272218628908;7
497.272218628908;7
497.272218628908;7
497.272218628908;7
497.272218628908;7
497.272218628908;7
497.272218628908;7
497.272218628908;7
497.272218628908;7
497.272218628908;7
497.272218628908;7
497.272218628908;7
497.272218628908;7
497.272218628908;7
497.272218628908;7
497.272218628908;7
497.272218628908;7
497.272218628908;7
497.272218628908;7
497.272218628908;7
497.272218628908;7
497.272218628908;7
497.272218628908;7
497.272218628908;7
497.272218628908;7
497.272218628908;7
497.272218628908;7
497.272218628908;7
497.272218628908;7
497.272218628908;7
497.272218628908;7
497.272218628908;7
497.272218628908;7
497.272218628908;7
497.272218628908;7
497.272218628908;7
497.272218628908;7
497.272218628908;7
497.272218628908;7
497.272218628908;7
497.272218628908;7
497.272218628908;7
497.272218628908;7
497.272218628908;7
497.272218628908;7
497.272218628908;7
497.272218628908;7
497.272218628908;7
497.272218628908;7
479.4818694390619;8
479.4818694390619;8
509.84970192866587;8
509.84970192866587;8
509.84970192866587;8
509.84970192866587;8
509.84970192866587;8
509.84970192866587;8
509.84970192866587;8
509.84970192866587;8
509.84970192866587;8
484.6428650016034;8
484.6428650016034;8
484.6428650016034;8
484.6428650016034;8
484.6428650016034;8
484.6428650016034;8
484.6428650016034;8
484.6428650016034;8
484.6428650016034;8
484.6428650016034;8
484.6428650016034;8
484.6428650016034;8
484.6428650016034;8
484.6428650016034;8
484.6428650016034;8
484.6428650016034;8
484.6428650016034;8
484.6428650016034;8
484.6428650016034;8
484.6428650016034;8
488.9035047925681;8
483.7425092300266;8
483.7425092300266;8
483.7425092300266;8
483.7425092300266;8
483.7425092300266;8
483.7425092300266;8
483.7425092300266;8
483.7425092300266;8
483.7425092300266;8
483.7425092300266;8
483.7425092300266;8
483.7425092300266;8
483.7425092300266;8
483.7425092300266;8
483.7425092300266;8
483.7425092300266;8
483.7425092300266;8
483.7425092300266;8
483.7425092300266;8
483.7425092300266;8
483.7425092300266;8
483.7425092300266;8
483.7425092300266;8
495.45761535793616;8
495.45761535793616;8
495.45761535793616;8
495.45761535793616;8
495.45761535793616;8
495.45761535793616;8
495.45761535793616;8
495.45761535793616;8
495.45761535793616;8
495.45761535793616;8
495.45761535793616;8
515.0106974912075;8
515.0106974912075;8
515.0106974912075;8
515.0106974912075;8
515.0106974912075;8
515.0106974912075;8
515.0106974912075;8
515.0106974912075;8
515.0106974912075;8
515.0106974912075;8
520.6416070622124;8
497.272218628908;8
497.272218628908;8
497.272218628908;8
497.272218628908;8
497.272218628908;8
497.272218628908;8
497.272218628908;8
497.272218628908;8
497.272218628908;8
497.272218628908;8
497.272218628908;8
497.272218628908;8
497.272218628908;8
488.9035047925681;9
479.4818694390619;9
479.4818694390619;9
479.4818694390619;9
479.4818694390619;9
479.4818694390619;9
479.4818694390619;9
479.4818694390619;9
479.4818694390619;9
479.4818694390619;9
479.4818694390619;9
479.4818694390619;9
479.4818694390619;9
479.4818694390619;9
479.4818694390619;9
479.4818694390619;9
479.4818694390619;9
479.4818694390619;9
479.4818694390619;9
479.4818694390619;9
479.4818694390619;9
479.4818694390619;9
479.4818694390619;9
479.4818694390619;9
479.4818694390619;9
479.4818694390619;9
479.4818694390619;9
479.4818694390619;9
479.4818694390619;9
479.4818694390619;9
509.84970192866587;9
509.84970192866587;9
509.84970192866587;9
509.84970192866587;9
509.84970192866587;9
509.84970192866587;9
509.84970192866587;9
509.84970192866587;9
509.84970192866587;9
509.84970192866587;9
509.84970192866587;9
509.84970192866587;9
509.84970192866587;9
509.84970192866587;9
509.84970192866587;9
509.84970192866587;9
509.84970192866587;9
509.84970192866587;9
509.84970192866587;9
509.84970192866587;9
509.84970192866587;9
509.84970192866587;9
509.84970192866587;9
509.84970192866587;9
509.84970192866587;9
509.84970192866587;9
509.84970192866587;9
509.84970192866587;9
509.84970192866587;9
509.84970192866587;9
509.84970192866587;9
509.84970192866587;9
509.84970192866587;9
509.84970192866587;9
509.84970192866587;9
509.84970192866587;9
509.84970192866587;9
509.84970192866587;9
509.84970192866587;9
509.84970192866587;9
509.84970192866587;9
509.84970192866587;9
509.84970192866587;9
509.84970192866587;9
509.84970192866587;9
509.84970192866587;9
509.84970192866587;9
509.84970192866587;9
509.84970192866587;9
509.84970192866587;9
509.84970192866587;9
509.84970192866587;9
509.84970192866587;9
509.84970192866587;9
509.84970192866587;9
509.84970192866587;9
509.84970192866587;9
509.84970192866587;9
509.84970192866587;9
509.84970192866587;9
487.6982312744613;10
483.7425092300266;10
483.7425092300266;10
483.7425092300266;10
483.7425092300266;10
488.9035047925681;10
488.9035047925681;10
488.9035047925681;10
488.9035047925681;10
488.9035047925681;10
488.9035047925681;10
479.4818694390619;10
479.4818694390619;10
479.4818694390619;10
479.4818694390619;10
479.4818694390619;10
479.4818694390619;10
479.4818694390619;10
479.4818694390619;10
479.4818694390619;10
479.4818694390619;10
479.4818694390619;10
479.4818694390619;10
479.4818694390619;10
479.4818694390619;10
479.4818694390619;10
479.4818694390619;10
479.4818694390619;10
479.4818694390619;10
479.4818694390619;10
479.4818694390619;10
479.4818694390619;10
479.4818694390619;10
479.4818694390619;10
479.4818694390619;10
479.4818694390619;10
479.4818694390619;10
479.4818694390619;10
479.4818694390619;10
479.4818694390619;10
479.4818694390619;10
479.4818694390619;10
479.4818694390619;10
479.4818694390619;10
479.4818694390619;10
479.4818694390619;10
479.4818694390619;10
479.4818694390619;10
479.4818694390619;10
479.4818694390619;10
479.4818694390619;10
479.4818694390619;10
479.4818694390619;10
479.4818694390619;10
479.4818694390619;10
479.4818694390619;10
479.4818694390619;10
479.4818694390619;10
479.4818694390619;10
479.4818694390619;10
479.4818694390619;10
479.4818694390619;10
479.4818694390619;10
479.4818694390619;10
479.4818694390619;10
479.4818694390619;10
479.4818694390619;10
479.4818694390619;10
479.4818694390619;10
479.4818694390619;10
479.4818694390619;10
479.4818694390619;10
479.4818694390619;10
479.4818694390619;10
479.4818694390619;10
479.4818694390619;10
479.4818694390619;10
479.4818694390619;10
479.4818694390619;10
479.4818694390619;10
479.4818694390619;10
479.4818694390619;10
479.4818694390619;10
479.4818694390619;10
479.4818694390619;10
479.4818694390619;10
479.4818694390619;10
479.4818694390619;10
479.4818694390619;10
479.4818694390619;10
487.6982312744613;11
487.6982312744613;11
487.6982312744613;11
487.6982312744613;11
487.6982312744613;11
487.6982312744613;11
487.6982312744613;11
487.6982312744613;11
487.6982312744613;11
487.6982312744613;11
487.6982312744613;11
487.6982312744613;11
487.6982312744613;11
487.6982312744613;11
487.6982312744613;11
487.6982312744613;11
487.6982312744613;11
487.6982312744613;11
487.6982312744613;11
487.6982312744613;11
487.6982312744613;11
487.6982312744613;11
487.6982312744613;11
487.6982312744613;11
487.6982312744613;11
487.6982312744613;11
487.6982312744613;11
487.6982312744613;11
487.6982312744613;11
487.6982312744613;11
487.6982312744613;11
487.6982312744613;11
487.6982312744613;11
487.6982312744613;11
487.6982312744613;11
487.6982312744613;11
487.6982312744613;11
487.6982312744613;11
487.6982312744613;11
487.6982312744613;11
487.6982312744613;11
487.6982312744613;11
487.6982312744613;11
487.6982312744613;11
487.6982312744613;11
487.6982312744613;11
487.6982312744613;11
487.6982312744613;11
487.6982312744613;11
487.6982312744613;11
487.6982312744613;11
487.6982312744613;11
487.6982312744613;11
483.7425092300266;11
483.7425092300266;11
483.7425092300266;11
483.7425092300266;11
483.7425092300266;11
483.7425092300266;11
483.7425092300266;11
483.7425092300266;11
483.7425092300266;11
483.7425092300266;11
483.7425092300266;11
483.7425092300266;11
483.7425092300266;11
483.7425092300266;11
483.7425092300266;11
483.7425092300266;11
483.7425092300266;11
483.7425092300266;11
483.7425092300266;11
483.7425092300266;11
483.7425092300266;11
483.7425092300266;11
483.7425092300266;11
483.7425092300266;11
483.7425092300266;11
483.7425092300266;11
483.7425092300266;11
483.7425092300266;11
483.7425092300266;11
483.7425092300266;11
483.7425092300266;11
483.7425092300266;11
483.7425092300266;11
483.7425092300266;11
483.7425092300266;11
483.7425092300266;11
483.7425092300266;11
489.6200503182488;12
487.6982312744613;12
487.6982312744613;12
487.6982312744613;12
487.6982312744613;12
487.6982312744613;12
487.6982312744613;12
487.6982312744613;12
487.6982312744613;12
487.6982312744613;12
487.6982312744613;12
487.6982312744613;12
487.6982312744613;12
487.6982312744613;12
487.6982312744613;12
487.6982312744613;12
487.6982312744613;12
487.6982312744613;12
487.6982312744613;12
487.6982312744613;12
487.6982312744613;12
487.6982312744613;12
487.6982312744613;12
487.6982312744613;12
487.6982312744613;12
487.6982312744613;12
487.6982312744613;12
487.6982312744613;12
487.6982312744613;12
487.6982312744613;12
487.6982312744613;12
487.6982312744613;12
487.6982312744613;12
487.6982312744613;12
487.6982312744613;12
487.6982312744613;12
487.6982312744613;12
487.6982312744613;12
487.6982312744613;12
487.6982312744613;12
487.6982312744613;12
487.6982312744613;12
487.6982312744613;12
487.6982312744613;12
487.6982312744613;12
487.6982312744613;12
487.6982312744613;12
487.6982312744613;12
487.6982312744613;12
487.6982312744613;12
487.6982312744613;12
487.6982312744613;12
487.6982312744613;12
487.6982312744613;12
487.6982312744613;12
487.6982312744613;12
487.6982312744613;12
487.6982312744613;12
487.6982312744613;12
487.6982312744613;12
487.6982312744613;12
487.6982312744613;12
487.6982312744613;12
487.6982312744613;12
487.6982312744613;12
487.6982312744613;12
487.6982312744613;12
487.6982312744613;12
487.6982312744613;12
487.6982312744613;12
487.6982312744613;12
487.6982312744613;12
487.6982312744613;12
487.6982312744613;12
487.6982312744613;12
487.6982312744613;12
487.6982312744613;12
487.6982312744613;12
487.6982312744613;12
487.6982312744613;12
487.6982312744613;12
487.6982312744613;12
487.6982312744613;12
487.6982312744613;12
487.6982312744613;12
487.6982312744613;12
487.6982312744613;12
487.6982312744613;12
487.6982312744613;12
487.6982312744613;12
489.6200503182488;13
489.6200503182488;13
489.6200503182488;13
489.6200503182488;13
489.6200503182488;13
489.6200503182488;13
489.6200503182488;13
489.6200503182488;13
489.6200503182488;13
489.6200503182488;13
489.6200503182488;13
489.6200503182488;13
489.6200503182488;13
489.6200503182488;13
489.6200503182488;13
489.6200503182488;13
489.6200503182488;13
489.6200503182488;13
489.6200503182488;13
489.6200503182488;13
489.6200503182488;13
489.6200503182488;13
489.6200503182488;13
489.6200503182488;13
489.6200503182488;13
489.6200503182488;13
489.6200503182488;13
489.6200503182488;13
489.6200503182488;13
489.6200503182488;13
489.6200503182488;13
489.6200503182488;13
489.6200503182488;13
489.6200503182488;13
489.6200503182488;13
489.6200503182488;13
489.6200503182488;13
489.6200503182488;13
489.6200503182488;13
489.6200503182488;13
489.6200503182488;13
489.6200503182488;13
489.6200503182488;13
489.6200503182488;13
489.6200503182488;13
489.6200503182488;13
489.6200503182488;13
489.6200503182488;13
489.6200503182488;13
489.6200503182488;13
489.6200503182488;13
489.6200503182488;13
489.6200503182488;13
489.6200503182488;13
489.6200503182488;13
489.6200503182488;13
489.6200503182488;13
489.6200503182488;13
489.6200503182488;13
489.6200503182488;13
489.6200503182488;13
489.6200503182488;13
489.6200503182488;13
489.6200503182488;13
489.6200503182488;13
489.6200503182488;13
489.6200503182488;13
489.6200503182488;13
489.6200503182488;13
489.6200503182488;13
489.6200503182488;13
489.6200503182488;13
489.6200503182488;13
489.6200503182488;13
489.6200503182488;13
489.6200503182488;13
489.6200503182488;13
489.6200503182488;13
489.6200503182488;13
489.6200503182488;13
489.6200503182488;13
489.6200503182488;13
489.6200503182488;13
489.6200503182488;13
489.6200503182488;13
489.6200503182488;13
489.6200503182488;13
489.6200503182488;13
489.6200503182488;13
489.6200503182488;13
489.6200503182488;14
489.6200503182488;14
489.6200503182488;14
489.6200503182488;14
489.6200503182488;14
489.6200503182488;14
489.6200503182488;14
489.6200503182488;14
489.6200503182488;14
489.6200503182488;14
489.6200503182488;14
489.6200503182488;14
489.6200503182488;14
489.6200503182488;14
489.6200503182488;14
489.6200503182488;14
489.6200503182488;14
489.6200503182488;14
489.6200503182488;14
489.6200503182488;14
489.6200503182488;14
489.6200503182488;14
489.6200503182488;14
489.6200503182488;14
489.6200503182488;14
489.6200503182488;14
489.6200503182488;14
489.6200503182488;14
489.6200503182488;14
489.6200503182488;14
489.6200503182488;14
489.6200503182488;14
489.6200503182488;14
489.6200503182488;14
489.6200503182488;14
489.6200503182488;14
489.6200503182488;14
489.6200503182488;14
489.6200503182488;14
489.6200503182488;14
489.6200503182488;14
489.6200503182488;14
489.6200503182488;14
489.6200503182488;14
489.6200503182488;14
489.6200503182488;14
489.6200503182488;14
489.6200503182488;14
489.6200503182488;14
489.6200503182488;14
489.6200503182488;14
489.6200503182488;14
489.6200503182488;14
489.6200503182488;14
489.6200503182488;14
489.6200503182488;14
489.6200503182488;14
489.6200503182488;14
489.6200503182488;14
489.6200503182488;14
489.6200503182488;14
489.6200503182488;14
489.6200503182488;14
489.6200503182488;14
489.6200503182488;14
489.6200503182488;14
489.6200503182488;14
489.6200503182488;14
489.6200503182488;14
489.6200503182488;14
489.6200503182488;14
489.6200503182488;14
489.6200503182488;14
489.6200503182488;14
489.6200503182488;14
489.6200503182488;14
489.6200503182488;14
489.6200503182488;14
489.6200503182488;14
489.6200503182488;14
489.6200503182488;14
489.6200503182488;14
489.6200503182488;14
489.6200503182488;14
489.6200503182488;14
489.6200503182488;14
489.6200503182488;14
489.6200503182488;14
489.6200503182488;14
489.6200503182488;14
489.6200503182488;15
489.6200503182488;15
489.6200503182488;15
489.6200503182488;15
489.6200503182488;15
489.6200503182488;15
489.6200503182488;15
489.6200503182488;15
489.6200503182488;15
489.6200503182488;15
489.6200503182488;15
489.6200503182488;15
489.6200503182488;15
489.6200503182488;15
489.6200503182488;15
489.6200503182488;15
489.6200503182488;15
489.6200503182488;15
489.6200503182488;15
489.6200503182488;15
489.6200503182488;15
489.6200503182488;15
489.6200503182488;15
489.6200503182488;15
489.6200503182488;15
489.6200503182488;15
489.6200503182488;15
489.6200503182488;15
489.6200503182488;15
489.6200503182488;15
489.6200503182488;15
489.6200503182488;15
489.6200503182488;15
489.6200503182488;15
489.6200503182488;15
489.6200503182488;15
489.6200503182488;15
489.6200503182488;15
489.6200503182488;15
489.6200503182488;15
489.6200503182488;15
489.6200503182488;15
489.6200503182488;15
489.6200503182488;15
489.6200503182488;15
489.6200503182488;15
489.6200503182488;15
489.6200503182488;15
489.6200503182488;15
489.6200503182488;15
489.6200503182488;15
489.6200503182488;15
489.6200503182488;15
489.6200503182488;15
489.6200503182488;15
489.6200503182488;15
489.6200503182488;15
489.6200503182488;15
489.6200503182488;15
489.6200503182488;15
489.6200503182488;15
489.6200503182488;15
489.6200503182488;15
489.6200503182488;15
489.6200503182488;15
489.6200503182488;15
489.6200503182488;15
489.6200503182488;15
489.6200503182488;15
489.6200503182488;15
489.6200503182488;15
489.6200503182488;15
489.6200503182488;15
489.6200503182488;15
489.6200503182488;15
489.6200503182488;15
489.6200503182488;15
489.6200503182488;15
489.6200503182488;15
489.6200503182488;15
489.6200503182488;15
489.6200503182488;15
489.6200503182488;15
489.6200503182488;15
489.6200503182488;15
489.6200503182488;15
489.6200503182488;15
489.6200503182488;15
489.6200503182488;15
489.6200503182488;15
489.6200503182488;16
489.6200503182488;16
489.6200503182488;16
489.6200503182488;16
489.6200503182488;16
489.6200503182488;16
489.6200503182488;16
489.6200503182488;16
489.6200503182488;16
489.6200503182488;16
489.6200503182488;16
489.6200503182488;16
489.6200503182488;16
489.6200503182488;16
489.6200503182488;16
489.6200503182488;16
489.6200503182488;16
489.6200503182488;16
489.6200503182488;16
489.6200503182488;16
489.6200503182488;16
489.6200503182488;16
489.6200503182488;16
489.6200503182488;16
489.6200503182488;16
489.6200503182488;16
489.6200503182488;16
489.6200503182488;16
489.6200503182488;16
489.6200503182488;16
489.6200503182488;16
489.6200503182488;16
489.6200503182488;16
489.6200503182488;16
489.6200503182488;16
489.6200503182488;16
489.6200503182488;16
489.6200503182488;16
489.6200503182488;16
489.6200503182488;16
489.6200503182488;16
489.6200503182488;16
489.6200503182488;16
489.6200503182488;16
489.6200503182488;16
489.6200503182488;16
489.6200503182488;16
489.6200503182488;16
489.6200503182488;16
489.6200503182488;16
489.6200503182488;16
489.6200503182488;16
489.6200503182488;16
489.6200503182488;16
489.6200503182488;16
489.6200503182488;16
489.6200503182488;16
489.6200503182488;16
489.6200503182488;16
489.6200503182488;16
489.6200503182488;16
489.6200503182488;16
489.6200503182488;16
489.6200503182488;16
489.6200503182488;16
489.6200503182488;16
489.6200503182488;16
489.6200503182488;16
489.6200503182488;16
489.6200503182488;16
489.6200503182488;16
489.6200503182488;16
489.6200503182488;16
489.6200503182488;16
489.6200503182488;16
489.6200503182488;16
489.6200503182488;16
489.6200503182488;16
489.6200503182488;16
489.6200503182488;16
489.6200503182488;16
489.6200503182488;16
489.6200503182488;16
489.6200503182488;16
489.6200503182488;16
489.6200503182488;16
489.6200503182488;16
489.6200503182488;16
489.6200503182488;16
489.6200503182488;16
489.6200503182488;17
489.6200503182488;17
489.6200503182488;17
489.6200503182488;17
489.6200503182488;17
489.6200503182488;17
489.6200503182488;17
489.6200503182488;17
489.6200503182488;17
489.6200503182488;17
489.6200503182488;17
489.6200503182488;17
489.6200503182488;17
489.6200503182488;17
489.6200503182488;17
489.6200503182488;17
489.6200503182488;17
489.6200503182488;17
489.6200503182488;17
489.6200503182488;17
489.6200503182488;17
489.6200503182488;17
489.6200503182488;17
489.6200503182488;17
489.6200503182488;17
489.6200503182488;17
489.6200503182488;17
489.6200503182488;17
489.6200503182488;17
489.6200503182488;17
489.6200503182488;17
489.6200503182488;17
489.6200503182488;17
489.6200503182488;17
489.6200503182488;17
489.6200503182488;17
489.6200503182488;17
489.6200503182488;17
489.6200503182488;17
489.6200503182488;17
489.6200503182488;17
489.6200503182488;17
489.6200503182488;17
489.6200503182488;17
489.6200503182488;17
489.6200503182488;17
489.6200503182488;17
489.6200503182488;17
489.6200503182488;17
489.6200503182488;17
489.6200503182488;17
489.6200503182488;17
489.6200503182488;17
489.6200503182488;17
489.6200503182488;17
489.6200503182488;17
489.6200503182488;17
489.6200503182488;17
489.6200503182488;17
489.6200503182488;17
489.6200503182488;17
489.6200503182488;17
489.6200503182488;17
489.6200503182488;17
489.6200503182488;17
489.6200503182488;17
489.6200503182488;17
489.6200503182488;17
489.6200503182488;17
489.6200503182488;17
489.6200503182488;17
489.6200503182488;17
489.6200503182488;17
489.6200503182488;17
489.6200503182488;17
489.6200503182488;17
489.6200503182488;17
489.6200503182488;17
489.6200503182488;17
489.6200503182488;17
489.6200503182488;17
489.6200503182488;17
489.6200503182488;17
489.6200503182488;17
489.6200503182488;17
489.6200503182488;17
489.6200503182488;17
489.6200503182488;17
489.6200503182488;17
489.6200503182488;17
489.6200503182488;18
489.6200503182488;18
489.6200503182488;18
489.6200503182488;18
489.6200503182488;18
489.6200503182488;18
489.6200503182488;18
489.6200503182488;18
489.6200503182488;18
489.6200503182488;18
489.6200503182488;18
489.6200503182488;18
489.6200503182488;18
489.6200503182488;18
489.6200503182488;18
489.6200503182488;18
489.6200503182488;18
489.6200503182488;18
489.6200503182488;18
489.6200503182488;18
489.6200503182488;18
489.6200503182488;18
489.6200503182488;18
489.6200503182488;18
489.6200503182488;18
489.6200503182488;18
489.6200503182488;18
489.6200503182488;18
489.6200503182488;18
489.6200503182488;18
489.6200503182488;18
489.6200503182488;18
489.6200503182488;18
489.6200503182488;18
489.6200503182488;18
489.6200503182488;18
489.6200503182488;18
489.6200503182488;18
489.6200503182488;18
489.6200503182488;18
489.6200503182488;18
489.6200503182488;18
489.6200503182488;18
489.6200503182488;18
489.6200503182488;18
489.6200503182488;18
489.6200503182488;18
489.6200503182488;18
489.6200503182488;18
489.6200503182488;18
489.6200503182488;18
489.6200503182488;18
489.6200503182488;18
489.6200503182488;18
489.6200503182488;18
489.6200503182488;18
489.6200503182488;18
489.6200503182488;18
489.6200503182488;18
489.6200503182488;18
489.6200503182488;18
489.6200503182488;18
489.6200503182488;18
489.6200503182488;18
489.6200503182488;18
489.6200503182488;18
489.6200503182488;18
489.6200503182488;18
489.6200503182488;18
489.6200503182488;18
489.6200503182488;18
489.6200503182488;18
489.6200503182488;18
489.6200503182488;18
489.6200503182488;18
489.6200503182488;18
489.6200503182488;18
489.6200503182488;18
489.6200503182488;18
489.6200503182488;18
489.6200503182488;18
489.6200503182488;18
489.6200503182488;18
489.6200503182488;18
489.6200503182488;18
489.6200503182488;18
489.6200503182488;18
489.6200503182488;18
489.6200503182488;18
489.6200503182488;18
489.6200503182488;19
489.6200503182488;19
489.6200503182488;19
489.6200503182488;19
489.6200503182488;19
489.6200503182488;19
489.6200503182488;19
489.6200503182488;19
489.6200503182488;19
489.6200503182488;19
489.6200503182488;19
489.6200503182488;19
489.6200503182488;19
489.6200503182488;19
489.6200503182488;19
489.6200503182488;19
489.6200503182488;19
489.6200503182488;19
489.6200503182488;19
489.6200503182488;19
489.6200503182488;19
489.6200503182488;19
489.6200503182488;19
489.6200503182488;19
489.6200503182488;19
489.6200503182488;19
489.6200503182488;19
489.6200503182488;19
489.6200503182488;19
489.6200503182488;19
489.6200503182488;19
489.6200503182488;19
489.6200503182488;19
489.6200503182488;19
489.6200503182488;19
489.6200503182488;19
489.6200503182488;19
489.6200503182488;19
489.6200503182488;19
489.6200503182488;19
489.6200503182488;19
489.6200503182488;19
489.6200503182488;19
489.6200503182488;19
489.6200503182488;19
489.6200503182488;19
489.6200503182488;19
489.6200503182488;19
489.6200503182488;19
489.6200503182488;19
489.6200503182488;19
489.6200503182488;19
489.6200503182488;19
489.6200503182488;19
489.6200503182488;19
489.6200503182488;19
489.6200503182488;19
489.6200503182488;19
489.6200503182488;19
489.6200503182488;19
489.6200503182488;19
489.6200503182488;19
489.6200503182488;19
489.6200503182488;19
489.6200503182488;19
489.6200503182488;19
489.6200503182488;19
489.6200503182488;19
489.6200503182488;19
489.6200503182488;19
489.6200503182488;19
489.6200503182488;19
489.6200503182488;19
489.6200503182488;19
489.6200503182488;19
489.6200503182488;19
489.6200503182488;19
489.6200503182488;19
489.6200503182488;19
489.6200503182488;19
489.6200503182488;19
489.6200503182488;19
489.6200503182488;19
489.6200503182488;19
489.6200503182488;19
489.6200503182488;19
489.6200503182488;19
489.6200503182488;19
489.6200503182488;19
489.6200503182488;19
489.6200503182488;20
489.6200503182488;20
489.6200503182488;20
489.6200503182488;20
489.6200503182488;20
489.6200503182488;20
489.6200503182488;20
489.6200503182488;20
489.6200503182488;20
489.6200503182488;20
489.6200503182488;20
489.6200503182488;20
489.6200503182488;20
489.6200503182488;20
489.6200503182488;20
489.6200503182488;20
489.6200503182488;20
489.6200503182488;20
489.6200503182488;20
489.6200503182488;20
489.6200503182488;20
489.6200503182488;20
489.6200503182488;20
489.6200503182488;20
489.6200503182488;20
489.6200503182488;20
489.6200503182488;20
489.6200503182488;20
489.6200503182488;20
489.6200503182488;20
489.6200503182488;20
489.6200503182488;20
489.6200503182488;20
489.6200503182488;20
489.6200503182488;20
489.6200503182488;20
489.6200503182488;20
489.6200503182488;20
489.6200503182488;20
489.6200503182488;20
489.6200503182488;20
489.6200503182488;20
489.6200503182488;20
489.6200503182488;20
489.6200503182488;20
489.6200503182488;20
489.6200503182488;20
489.6200503182488;20
489.6200503182488;20
489.6200503182488;20
489.6200503182488;20
489.6200503182488;20
489.6200503182488;20
489.6200503182488;20
489.6200503182488;20
489.6200503182488;20
489.6200503182488;20
489.6200503182488;20
489.6200503182488;20
489.6200503182488;20
489.6200503182488;20
489.6200503182488;20
489.6200503182488;20
489.6200503182488;20
489.6200503182488;20
489.6200503182488;20
489.6200503182488;20
489.6200503182488;20
489.6200503182488;20
489.6200503182488;20
489.6200503182488;20
489.6200503182488;20
489.6200503182488;20
489.6200503182488;20
489.6200503182488;20
489.6200503182488;20
489.6200503182488;20
489.6200503182488;20
489.6200503182488;20
489.6200503182488;20
489.6200503182488;20
489.6200503182488;20
489.6200503182488;20
489.6200503182488;20
489.6200503182488;20
489.6200503182488;20
489.6200503182488;20
489.6200503182488;20
489.6200503182488;20
489.6200503182488;20
489.6200503182488;21
489.6200503182488;21
489.6200503182488;21
489.6200503182488;21
489.6200503182488;21
489.6200503182488;21
489.6200503182488;21
489.6200503182488;21
489.6200503182488;21
489.6200503182488;21
489.6200503182488;21
489.6200503182488;21
489.6200503182488;21
489.6200503182488;21
489.6200503182488;21
489.6200503182488;21
489.6200503182488;21
489.6200503182488;21
489.6200503182488;21
489.6200503182488;21
489.6200503182488;21
489.6200503182488;21
489.6200503182488;21
489.6200503182488;21
489.6200503182488;21
489.6200503182488;21
489.6200503182488;21
489.6200503182488;21
489.6200503182488;21
489.6200503182488;21
489.6200503182488;21
489.6200503182488;21
489.6200503182488;21
489.6200503182488;21
489.6200503182488;21
489.6200503182488;21
489.6200503182488;21
489.6200503182488;21
489.6200503182488;21
489.6200503182488;21
489.6200503182488;21
489.6200503182488;21
489.6200503182488;21
489.6200503182488;21
489.6200503182488;21
489.6200503182488;21
489.6200503182488;21
489.6200503182488;21
489.6200503182488;21
489.6200503182488;21
489.6200503182488;21
489.6200503182488;21
489.6200503182488;21
489.6200503182488;21
489.6200503182488;21
489.6200503182488;21
489.6200503182488;21
489.6200503182488;21
489.6200503182488;21
489.6200503182488;21
489.6200503182488;21
489.6200503182488;21
489.6200503182488;21
489.6200503182488;21
489.6200503182488;21
489.6200503182488;21
489.6200503182488;21
489.6200503182488;21
489.6200503182488;21
489.6200503182488;21
489.6200503182488;21
489.6200503182488;21
489.6200503182488;21
489.6200503182488;21
489.6200503182488;21
489.6200503182488;21
489.6200503182488;21
489.6200503182488;21
489.6200503182488;21
489.6200503182488;21
489.6200503182488;21
489.6200503182488;21
489.6200503182488;21
489.6200503182488;21
489.6200503182488;21
489.6200503182488;21
489.6200503182488;21
489.6200503182488;21
489.6200503182488;21
489.6200503182488;21
489.6200503182488;22
489.6200503182488;22
489.6200503182488;22
489.6200503182488;22
489.6200503182488;22
489.6200503182488;22
489.6200503182488;22
489.6200503182488;22
489.6200503182488;22
489.6200503182488;22
489.6200503182488;22
489.6200503182488;22
489.6200503182488;22
489.6200503182488;22
489.6200503182488;22
489.6200503182488;22
489.6200503182488;22
489.6200503182488;22
489.6200503182488;22
489.6200503182488;22
489.6200503182488;22
489.6200503182488;22
489.6200503182488;22
489.6200503182488;22
489.6200503182488;22
489.6200503182488;22
489.6200503182488;22
489.6200503182488;22
489.6200503182488;22
489.6200503182488;22
489.6200503182488;22
489.6200503182488;22
489.6200503182488;22
489.6200503182488;22
489.6200503182488;22
489.6200503182488;22
489.6200503182488;22
489.6200503182488;22
489.6200503182488;22
489.6200503182488;22
489.6200503182488;22
489.6200503182488;22
489.6200503182488;22
489.6200503182488;22
489.6200503182488;22
489.6200503182488;22
489.6200503182488;22
489.6200503182488;22
489.6200503182488;22
489.6200503182488;22
489.6200503182488;22
489.6200503182488;22
489.6200503182488;22
489.6200503182488;22
489.6200503182488;22
489.6200503182488;22
489.6200503182488;22
489.6200503182488;22
489.6200503182488;22
489.6200503182488;22
489.6200503182488;22
489.6200503182488;22
489.6200503182488;22
489.6200503182488;22
489.6200503182488;22
489.6200503182488;22
489.6200503182488;22
489.6200503182488;22
489.6200503182488;22
489.6200503182488;22
489.6200503182488;22
489.6200503182488;22
489.6200503182488;22
489.6200503182488;22
489.6200503182488;22
489.6200503182488;22
489.6200503182488;22
489.6200503182488;22
489.6200503182488;22
489.6200503182488;22
489.6200503182488;22
489.6200503182488;22
489.6200503182488;22
489.6200503182488;22
489.6200503182488;22
489.6200503182488;22
489.6200503182488;22
489.6200503182488;22
489.6200503182488;22
489.6200503182488;22
489.6200503182488;23
489.6200503182488;23
489.6200503182488;23
489.6200503182488;23
489.6200503182488;23
489.6200503182488;23
489.6200503182488;23
489.6200503182488;23
489.6200503182488;23
489.6200503182488;23
489.6200503182488;23
489.6200503182488;23
489.6200503182488;23
489.6200503182488;23
489.6200503182488;23
489.6200503182488;23
489.6200503182488;23
489.6200503182488;23
489.6200503182488;23
489.6200503182488;23
489.6200503182488;23
489.6200503182488;23
489.6200503182488;23
489.6200503182488;23
489.6200503182488;23
489.6200503182488;23
489.6200503182488;23
489.6200503182488;23
489.6200503182488;23
489.6200503182488;23
489.6200503182488;23
489.6200503182488;23
489.6200503182488;23
489.6200503182488;23
489.6200503182488;23
489.6200503182488;23
489.6200503182488;23
489.6200503182488;23
489.6200503182488;23
489.6200503182488;23
489.6200503182488;23
489.6200503182488;23
489.6200503182488;23
489.6200503182488;23
489.6200503182488;23
489.6200503182488;23
489.6200503182488;23
489.6200503182488;23
489.6200503182488;23
489.6200503182488;23
489.6200503182488;23
489.6200503182488;23
489.6200503182488;23
489.6200503182488;23
489.6200503182488;23
489.6200503182488;23
489.6200503182488;23
489.6200503182488;23
489.6200503182488;23
489.6200503182488;23
489.6200503182488;23
489.6200503182488;23
489.6200503182488;23
489.6200503182488;23
489.6200503182488;23
489.6200503182488;23
489.6200503182488;23
489.6200503182488;23
489.6200503182488;23
489.6200503182488;23
489.6200503182488;23
489.6200503182488;23
489.6200503182488;23
489.6200503182488;23
489.6200503182488;23
489.6200503182488;23
489.6200503182488;23
489.6200503182488;23
489.6200503182488;23
489.6200503182488;23
489.6200503182488;23
489.6200503182488;23
489.6200503182488;23
489.6200503182488;23
489.6200503182488;23
489.6200503182488;23
489.6200503182488;23
489.6200503182488;23
489.6200503182488;23
489.6200503182488;23
489.6200503182488;24
489.6200503182488;24
489.6200503182488;24
489.6200503182488;24
489.6200503182488;24
489.6200503182488;24
489.6200503182488;24
489.6200503182488;24
489.6200503182488;24
489.6200503182488;24
489.6200503182488;24
489.6200503182488;24
489.6200503182488;24
489.6200503182488;24
489.6200503182488;24
489.6200503182488;24
489.6200503182488;24
489.6200503182488;24
489.6200503182488;24
489.6200503182488;24
489.6200503182488;24
489.6200503182488;24
489.6200503182488;24
489.6200503182488;24
489.6200503182488;24
489.6200503182488;24
489.6200503182488;24
489.6200503182488;24
489.6200503182488;24
489.6200503182488;24
489.6200503182488;24
489.6200503182488;24
489.6200503182488;24
489.6200503182488;24
489.6200503182488;24
489.6200503182488;24
489.6200503182488;24
489.6200503182488;24
489.6200503182488;24
489.6200503182488;24
489.6200503182488;24
489.6200503182488;24
489.6200503182488;24
489.6200503182488;24
489.6200503182488;24
489.6200503182488;24
489.6200503182488;24
489.6200503182488;24
489.6200503182488;24
489.6200503182488;24
489.6200503182488;24
489.6200503182488;24
489.6200503182488;24
489.6200503182488;24
489.6200503182488;24
489.6200503182488;24
489.6200503182488;24
489.6200503182488;24
489.6200503182488;24
489.6200503182488;24
489.6200503182488;24
489.6200503182488;24
489.6200503182488;24
489.6200503182488;24
489.6200503182488;24
489.6200503182488;24
489.6200503182488;24
489.6200503182488;24
489.6200503182488;24
489.6200503182488;24
489.6200503182488;24
489.6200503182488;24
489.6200503182488;24
489.6200503182488;24
489.6200503182488;24
489.6200503182488;24
489.6200503182488;24
489.6200503182488;24
489.6200503182488;24
489.6200503182488;24
489.6200503182488;24
489.6200503182488;24
489.6200503182488;24
489.6200503182488;24
489.6200503182488;24
489.6200503182488;24
489.6200503182488;24
489.6200503182488;24
489.6200503182488;24
489.6200503182488;24
489.6200503182488;25
489.6200503182488;25
489.6200503182488;25
489.6200503182488;25
489.6200503182488;25
489.6200503182488;25
489.6200503182488;25
489.6200503182488;25
489.6200503182488;25
489.6200503182488;25
489.6200503182488;25
489.6200503182488;25
489.6200503182488;25
489.6200503182488;25
489.6200503182488;25
489.6200503182488;25
489.6200503182488;25
489.6200503182488;25
489.6200503182488;25
489.6200503182488;25
489.6200503182488;25
489.6200503182488;25
489.6200503182488;25
489.6200503182488;25
489.6200503182488;25
489.6200503182488;25
489.6200503182488;25
489.6200503182488;25
489.6200503182488;25
489.6200503182488;25
489.6200503182488;25
489.6200503182488;25
489.6200503182488;25
489.6200503182488;25
489.6200503182488;25
489.6200503182488;25
489.6200503182488;25
489.6200503182488;25
489.6200503182488;25
489.6200503182488;25
489.6200503182488;25
489.6200503182488;25
489.6200503182488;25
489.6200503182488;25
489.6200503182488;25
489.6200503182488;25
489.6200503182488;25
489.6200503182488;25
489.6200503182488;25
489.6200503182488;25
489.6200503182488;25
489.6200503182488;25
489.6200503182488;25
489.6200503182488;25
489.6200503182488;25
489.6200503182488;25
489.6200503182488;25
489.6200503182488;25
489.6200503182488;25
489.6200503182488;25
489.6200503182488;25
489.6200503182488;25
489.6200503182488;25
489.6200503182488;25
489.6200503182488;25
489.6200503182488;25
489.6200503182488;25
489.6200503182488;25
489.6200503182488;25
489.6200503182488;25
489.6200503182488;25
489.6200503182488;25
489.6200503182488;25
489.6200503182488;25
489.6200503182488;25
489.6200503182488;25
489.6200503182488;25
489.6200503182488;25
489.6200503182488;25
489.6200503182488;25
489.6200503182488;25
489.6200503182488;25
489.6200503182488;25
489.6200503182488;25
489.6200503182488;25
489.6200503182488;25
489.6200503182488;25
489.6200503182488;25
489.6200503182488;25
489.6200503182488;25
489.6200503182488;26
489.6200503182488;26
489.6200503182488;26
489.6200503182488;26
489.6200503182488;26
489.6200503182488;26
489.6200503182488;26
489.6200503182488;26
489.6200503182488;26
489.6200503182488;26
489.6200503182488;26
489.6200503182488;26
489.6200503182488;26
489.6200503182488;26
489.6200503182488;26
489.6200503182488;26
489.6200503182488;26
489.6200503182488;26
489.6200503182488;26
489.6200503182488;26
489.6200503182488;26
489.6200503182488;26
489.6200503182488;26
489.6200503182488;26
489.6200503182488;26
489.6200503182488;26
489.6200503182488;26
489.6200503182488;26
489.6200503182488;26
489.6200503182488;26
489.6200503182488;26
489.6200503182488;26
489.6200503182488;26
489.6200503182488;26
489.6200503182488;26
489.6200503182488;26
489.6200503182488;26
489.6200503182488;26
489.6200503182488;26
489.6200503182488;26
489.6200503182488;26
489.6200503182488;26
489.6200503182488;26
489.6200503182488;26
489.6200503182488;26
489.6200503182488;26
489.6200503182488;26
489.6200503182488;26
489.6200503182488;26
489.6200503182488;26
489.6200503182488;26
489.6200503182488;26
489.6200503182488;26
489.6200503182488;26
489.6200503182488;26
489.6200503182488;26
489.6200503182488;26
489.6200503182488;26
489.6200503182488;26
489.6200503182488;26
489.6200503182488;26
489.6200503182488;26
489.6200503182488;26
489.6200503182488;26
489.6200503182488;26
489.6200503182488;26
489.6200503182488;26
489.6200503182488;26
489.6200503182488;26
489.6200503182488;26
489.6200503182488;26
489.6200503182488;26
489.6200503182488;26
489.6200503182488;26
489.6200503182488;26
489.6200503182488;26
489.6200503182488;26
489.6200503182488;26
489.6200503182488;26
489.6200503182488;26
489.6200503182488;26
489.6200503182488;26
489.6200503182488;26
489.6200503182488;26
489.6200503182488;26
489.6200503182488;26
489.6200503182488;26
489.6200503182488;26
489.6200503182488;26
489.6200503182488;26
489.6200503182488;27
489.6200503182488;27
489.6200503182488;27
489.6200503182488;27
489.6200503182488;27
489.6200503182488;27
489.6200503182488;27
489.6200503182488;27
489.6200503182488;27
489.6200503182488;27
489.6200503182488;27
489.6200503182488;27
489.6200503182488;27
489.6200503182488;27
489.6200503182488;27
489.6200503182488;27
489.6200503182488;27
489.6200503182488;27
489.6200503182488;27
489.6200503182488;27
489.6200503182488;27
489.6200503182488;27
489.6200503182488;27
489.6200503182488;27
489.6200503182488;27
489.6200503182488;27
489.6200503182488;27
489.6200503182488;27
489.6200503182488;27
489.6200503182488;27
489.6200503182488;27
489.6200503182488;27
489.6200503182488;27
489.6200503182488;27
489.6200503182488;27
489.6200503182488;27
489.6200503182488;27
489.6200503182488;27
489.6200503182488;27
489.6200503182488;27
489.6200503182488;27
489.6200503182488;27
489.6200503182488;27
489.6200503182488;27
489.6200503182488;27
489.6200503182488;27
489.6200503182488;27
489.6200503182488;27
489.6200503182488;27
489.6200503182488;27
489.6200503182488;27
489.6200503182488;27
489.6200503182488;27
489.6200503182488;27
489.6200503182488;27
489.6200503182488;27
489.6200503182488;27
489.6200503182488;27
489.6200503182488;27
489.6200503182488;27
489.6200503182488;27
489.6200503182488;27
489.6200503182488;27
489.6200503182488;27
489.6200503182488;27
489.6200503182488;27
489.6200503182488;27
489.6200503182488;27
489.6200503182488;27
489.6200503182488;27
489.6200503182488;27
489.6200503182488;27
489.6200503182488;27
489.6200503182488;27
489.6200503182488;27
489.6200503182488;27
489.6200503182488;27
489.6200503182488;27
489.6200503182488;27
489.6200503182488;27
489.6200503182488;27
489.6200503182488;27
489.6200503182488;27
489.6200503182488;27
489.6200503182488;27
489.6200503182488;27
489.6200503182488;27
489.6200503182488;27
489.6200503182488;27
489.6200503182488;27
489.6200503182488;28
489.6200503182488;28
489.6200503182488;28
489.6200503182488;28
489.6200503182488;28
489.6200503182488;28
489.6200503182488;28
489.6200503182488;28
489.6200503182488;28
489.6200503182488;28
489.6200503182488;28
489.6200503182488;28
489.6200503182488;28
489.6200503182488;28
489.6200503182488;28
489.6200503182488;28
489.6200503182488;28
489.6200503182488;28
489.6200503182488;28
489.6200503182488;28
489.6200503182488;28
489.6200503182488;28
489.6200503182488;28
489.6200503182488;28
489.6200503182488;28
489.6200503182488;28
489.6200503182488;28
489.6200503182488;28
489.6200503182488;28
489.6200503182488;28
489.6200503182488;28
489.6200503182488;28
489.6200503182488;28
489.6200503182488;28
489.6200503182488;28
489.6200503182488;28
489.6200503182488;28
489.6200503182488;28
489.6200503182488;28
489.6200503182488;28
489.6200503182488;28
489.6200503182488;28
489.6200503182488;28
489.6200503182488;28
489.6200503182488;28
489.6200503182488;28
489.6200503182488;28
489.6200503182488;28
489.6200503182488;28
489.6200503182488;28
489.6200503182488;28
489.6200503182488;28
489.6200503182488;28
489.6200503182488;28
489.6200503182488;28
489.6200503182488;28
489.6200503182488;28
489.6200503182488;28
489.6200503182488;28
489.6200503182488;28
489.6200503182488;28
489.6200503182488;28
489.6200503182488;28
489.6200503182488;28
489.6200503182488;28
489.6200503182488;28
489.6200503182488;28
489.6200503182488;28
489.6200503182488;28
489.6200503182488;28
489.6200503182488;28
489.6200503182488;28
489.6200503182488;28
489.6200503182488;28
489.6200503182488;28
489.6200503182488;28
489.6200503182488;28
489.6200503182488;28
489.6200503182488;28
489.6200503182488;28
489.6200503182488;28
489.6200503182488;28
489.6200503182488;28
489.6200503182488;28
489.6200503182488;28
489.6200503182488;28
489.6200503182488;28
489.6200503182488;28
489.6200503182488;28
489.6200503182488;28
489.6200503182488;29
489.6200503182488;29
489.6200503182488;29
489.6200503182488;29
489.6200503182488;29
489.6200503182488;29
489.6200503182488;29
489.6200503182488;29
489.6200503182488;29
489.6200503182488;29
489.6200503182488;29
489.6200503182488;29
489.6200503182488;29
489.6200503182488;29
489.6200503182488;29
489.6200503182488;29
489.6200503182488;29
489.6200503182488;29
489.6200503182488;29
489.6200503182488;29
489.6200503182488;29
489.6200503182488;29
489.6200503182488;29
489.6200503182488;29
489.6200503182488;29
489.6200503182488;29
489.6200503182488;29
489.6200503182488;29
489.6200503182488;29
489.6200503182488;29
489.6200503182488;29
489.6200503182488;29
489.6200503182488;29
489.6200503182488;29
489.6200503182488;29
489.6200503182488;29
489.6200503182488;29
489.6200503182488;29
489.6200503182488;29
489.6200503182488;29
489.6200503182488;29
489.6200503182488;29
489.6200503182488;29
489.6200503182488;29
489.6200503182488;29
489.6200503182488;29
489.6200503182488;29
489.6200503182488;29
489.6200503182488;29
489.6200503182488;29
489.6200503182488;29
489.6200503182488;29
489.6200503182488;29
489.6200503182488;29
489.6200503182488;29
489.6200503182488;29
489.6200503182488;29
489.6200503182488;29
489.6200503182488;29
489.6200503182488;29
489.6200503182488;29
489.6200503182488;29
489.6200503182488;29
489.6200503182488;29
489.6200503182488;29
489.6200503182488;29
489.6200503182488;29
489.6200503182488;29
489.6200503182488;29
489.6200503182488;29
489.6200503182488;29
489.6200503182488;29
489.6200503182488;29
489.6200503182488;29
489.6200503182488;29
489.6200503182488;29
489.6200503182488;29
489.6200503182488;29
489.6200503182488;29
489.6200503182488;29
489.6200503182488;29
489.6200503182488;29
489.6200503182488;29
489.6200503182488;29
489.6200503182488;29
489.6200503182488;29
489.6200503182488;29
489.6200503182488;29
489.6200503182488;29
489.6200503182488;29
489.6200503182488;30
489.6200503182488;30
489.6200503182488;30
489.6200503182488;30
489.6200503182488;30
489.6200503182488;30
489.6200503182488;30
489.6200503182488;30
489.6200503182488;30
489.6200503182488;30
489.6200503182488;30
489.6200503182488;30
489.6200503182488;30
489.6200503182488;30
489.6200503182488;30
489.6200503182488;30
489.6200503182488;30
489.6200503182488;30
489.6200503182488;30
489.6200503182488;30
489.6200503182488;30
489.6200503182488;30
489.6200503182488;30
489.6200503182488;30
489.6200503182488;30
489.6200503182488;30
489.6200503182488;30
489.6200503182488;30
489.6200503182488;30
489.6200503182488;30
489.6200503182488;30
489.6200503182488;30
489.6200503182488;30
489.6200503182488;30
489.6200503182488;30
489.6200503182488;30
489.6200503182488;30
489.6200503182488;30
489.6200503182488;30
489.6200503182488;30
489.6200503182488;30
489.6200503182488;30
489.6200503182488;30
489.6200503182488;30
489.6200503182488;30
489.6200503182488;30
489.6200503182488;30
489.6200503182488;30
489.6200503182488;30
489.6200503182488;30
489.6200503182488;30
489.6200503182488;30
489.6200503182488;30
489.6200503182488;30
489.6200503182488;30
489.6200503182488;30
489.6200503182488;30
489.6200503182488;30
489.6200503182488;30
489.6200503182488;30
489.6200503182488;30
489.6200503182488;30
489.6200503182488;30
489.6200503182488;30
489.6200503182488;30
489.6200503182488;30
489.6200503182488;30
489.6200503182488;30
489.6200503182488;30
489.6200503182488;30
489.6200503182488;30
489.6200503182488;30
489.6200503182488;30
489.6200503182488;30
489.6200503182488;30
489.6200503182488;30
489.6200503182488;30
489.6200503182488;30
489.6200503182488;30
489.6200503182488;30
489.6200503182488;30
489.6200503182488;30
489.6200503182488;30
489.6200503182488;30
489.6200503182488;30
489.6200503182488;30
489.6200503182488;30
489.6200503182488;30
489.6200503182488;30
489.6200503182488;30
489.6200503182488;31
489.6200503182488;31
489.6200503182488;31
489.6200503182488;31
489.6200503182488;31
489.6200503182488;31
489.6200503182488;31
489.6200503182488;31
489.6200503182488;31
489.6200503182488;31
489.6200503182488;31
489.6200503182488;31
489.6200503182488;31
489.6200503182488;31
489.6200503182488;31
489.6200503182488;31
489.6200503182488;31
489.6200503182488;31
489.6200503182488;31
489.6200503182488;31
489.6200503182488;31
489.6200503182488;31
489.6200503182488;31
489.6200503182488;31
489.6200503182488;31
489.6200503182488;31
489.6200503182488;31
489.6200503182488;31
489.6200503182488;31
489.6200503182488;31
489.6200503182488;31
489.6200503182488;31
489.6200503182488;31
489.6200503182488;31
489.6200503182488;31
489.6200503182488;31
489.6200503182488;31
489.6200503182488;31
489.6200503182488;31
489.6200503182488;31
489.6200503182488;31
489.6200503182488;31
489.6200503182488;31
489.6200503182488;31
489.6200503182488;31
489.6200503182488;31
489.6200503182488;31
489.6200503182488;31
489.6200503182488;31
489.6200503182488;31
489.6200503182488;31
489.6200503182488;31
489.6200503182488;31
489.6200503182488;31
489.6200503182488;31
489.6200503182488;31
489.6200503182488;31
489.6200503182488;31
489.6200503182488;31
489.6200503182488;31
489.6200503182488;31
489.6200503182488;31
489.6200503182488;31
489.6200503182488;31
489.6200503182488;31
489.6200503182488;31
489.6200503182488;31
489.6200503182488;31
489.6200503182488;31
489.6200503182488;31
489.6200503182488;31
489.6200503182488;31
489.6200503182488;31
489.6200503182488;31
489.6200503182488;31
489.6200503182488;31
489.6200503182488;31
489.6200503182488;31
489.6200503182488;31
489.6200503182488;31
489.6200503182488;31
489.6200503182488;31
489.6200503182488;31
489.6200503182488;31
489.6200503182488;31
489.6200503182488;31
489.6200503182488;31
489.6200503182488;31
489.6200503182488;31
489.6200503182488;31
